"";"Country";"Traffic Index";"Quality of Life Index";"Pollution Index";"Health Care Index";"Crime Index";"Rent Index";"Consumer Price Index";"Groceries Index";"Restaurant Price Index";"Year"
"1";"Kenya";57;NA;57;NA;122;19,24;53,6;59,5;34,21;2014
"2";"Egypt";56;47;113;37;86;9,4;38,26;37,06;32,75;2014
"3";"Bangladesh";55;NA;115;NA;105;6,64;40,37;41,26;25,98;2014
"4";"Jordan";54;44;102;64;77;15,22;61,46;53,7;54,47;2014
"5";"Iran";53;1;108;12;92;20,49;49,51;52,6;41,46;2014
"6";"Philippines";52;40;93;58;57;8,34;40,28;42,43;23,22;2014
"7";"Turkey";51;51;96;24;50;12,81;49,93;40,56;37,53;2014
"8";"Russia";50;21;95;6;88;29,65;61,8;50,91;68,48;2014
"9";"India";49;58;89;43;63;7,01;26,7;29,22;16,02;2014
"10";"Israel";48;65;64;68;31;35,23;91,45;79,52;95,42;2014
"11";"Argentina";47;59;48;72;96;17,63;66,85;63,23;64,18;2014
"12";"South Africa";46;6;51;31;120;17,7;48,55;42,32;43,73;2014
"13";"Singapore";45;62;28;40;8;97,04;100,01;89,77;61,36;2014
"14";"Indonesia";44;37;84;35;72;12,83;39;44,21;20,9;2014
"15";"Venezuela";43;3;86;4;124;39,59;114,36;132,15;96,24;2014
"16";"Hong Kong";42;54;65;60;11;87,81;76,36;82,08;51,77;2014
"17";"Mexico";41;61;79;59;87;12,14;46,96;48,99;35,39;2014
"18";"Malaysia";40;63;60;57;113;15,16;48,66;47,62;26,62;2014
"19";"Brazil";39;43;50;16;114;21,77;60,6;49,34;47,55;2014
"20";"Colombia";38;42;69;52;99;14,65;50,37;47,72;34,83;2014
"21";"Ecuador";37;46;44;30;101;14,15;45,23;47,41;27,71;2014
"22";"Ukraine";36;38;83;8;79;15,13;45,64;40,81;40,21;2014
"23";"United States";35;35;22;53;82;36,93;77,39;83,38;67,74;2014
"24";"Canada";34;29;12;61;40;35,71;87,9;94,57;78,78;2014
"25";"Qatar";33;NA;101;NA;10;77;75,25;70,26;78,36;2014
"26";"Japan";32;24;26;79;4;35,51;94,13;97,55;58,78;2014
"27";"Chile";31;53;77;27;75;18,32;60,16;54,27;49,97;2014
"28";"Italy";30;64;56;46;68;31,55;96,81;85;104,62;2014
"29";"Lebanon";29;32;110;21;81;33,38;70,15;54,56;67,5;2014
"30";"Uruguay";28;66;9;32;71;25,26;77,36;68,66;71,63;2014
"31";"Thailand";27;48;78;80;45;18,3;45,95;52,92;23,81;2014
"32";"Mongolia";26;2;114;1;111;NA;NA;NA;NA;2014
"33";"United Kingdom";25;20;20;62;60;44,19;100,11;94,25;96,94;2014
"34";"Greece";24;57;33;28;62;15,12;83,79;70,51;84,76;2014
"35";"Australia";23;28;6;63;53;57,97;108,51;105,03;97,44;2014
"36";"Slovakia";22;5;27;41;28;22,01;61,5;55,26;43,16;2014
"37";"Germany";21;34;15;67;13;30,29;87,14;77,86;77,83;2014
"38";"Georgia";20;NA;68;NA;5;12,6;46,22;37;41,36;2014
"39";"Netherlands";19;22;18;48;42;40,94;98,82;78,03;115,25;2014
"40";"Kazakhstan";18;45;90;34;80;22,64;63,15;53,48;64,09;2014
"41";"Finland";17;31;3;54;19;35,32;103,28;100,4;103,17;2014
"42";"Poland";16;67;42;20;44;18,93;53,68;45,19;44,19;2014
"43";"Spain";15;11;40;65;27;26,41;77,18;64,24;79,05;2014
"44";"Romania";14;50;61;9;14;12,23;48,2;43,87;37,19;2014
"45";"Puerto Rico";13;11;36;33;100;21,19;76,5;80,04;64,43;2014
"46";"United Arab Emirates";12;27;45;36;7;64,26;68,25;61,67;65,23;2014
"47";"Hungary";11;60;38;7;43;10,68;59,27;48,1;43,63;2014
"48";"China";10;41;104;47;22;24,31;54,12;57,06;37,77;2014
"49";"Sweden";9;33;4;66;46;33,79;103,68;100,35;103,76;2014
"50";"Pakistan";8;39;99;13;108;4,66;29,69;29,22;22,32;2014
"51";"Belgium";7;14;47;74;54;34,89;100,04;93,51;105,82;2014
"52";"Croatia";6;4;13;22;15;13,93;69,04;62,68;54,75;2014
"53";"Saudi Arabia";5;16;80;14;21;15,49;68,14;69,59;34,87;2014
"54";"Bulgaria";4;49;70;26;51;11;49,96;45,32;38,02;2014
"55";"Belarus";3;55;29;10;29;15,95;50,35;46,15;55,79;2014
"56";"Portugal";2;12;16;44;38;22,38;69,3;57,37;58,18;2014
"57";"Armenia";1;NA;81;NA;37;13,92;46,66;36,75;41,14;2014
"58";"Czech Republic";73;10;24;50;33;17,63;56,59;51,01;37,26;2014
"59";"Denmark";72;30;21;81;20;40,05;114,87;102,61;132,27;2014
"60";"Taiwan";71;7;76;75;9;19,06;60,2;74,03;29,47;2014
"61";"Kuwait";70;17;55;49;41;38,81;74,08;77,58;55,89;2014
"62";"Serbia";69;52;39;18;49;10,91;51,57;42,7;42,67;2014
"63";"New Zealand";68;25;7;73;61;42,43;104,48;104,47;90,09;2014
"64";"Syria";67;NA;23;NA;94;12,18;42,74;38,64;35,52;2014
"65";"Lithuania";66;9;8;56;35;14,65;59,96;52,84;41,88;2014
"66";"France";65;15;35;78;76;36,86;100,21;100,19;98,7;2014
"67";"Switzerland";64;36;11;51;25;63,84;143,88;148,5;145,59;2014
"68";"Slovenia";63;13;19;38;30;22,47;75,37;65,19;61,44;2014
"69";"Ireland";63;18;14;5;90;39,24;106,61;102,67;100,03;2014
"70";"South Korea";62;8;87;76;2;37,56;87,56;106,5;51,76;2014
"71";"Estonia";61;19;2;70;17;18,07;67,33;58,64;54,83;2014
"72";"Norway";60;23;10;69;32;58,88;144,45;135,52;165,88;2014
"73";"Austria";59;26;17;77;12;33,23;89,5;88,71;79,25;2014
"74";"Bosnia And Herzegovina";58;56;52;19;66;8,28;49,76;45,31;33,65;2014
"75";"Ghana";NA;NA;1;NA;70;40,77;64,56;70,5;57,75;2014
"76";"Peru";NA;NA;112;25;98;15,4;50,93;47,45;36,13;2014
"77";"Myanmar";NA;NA;111;NA;NA;NA;NA;NA;NA;2014
"78";"El Salvador";NA;NA;109;NA;110;10,31;53,05;50,59;35,91;2014
"79";"Trinidad And Tobago";NA;NA;107;NA;121;22,15;58,77;57,57;49,33;2014
"80";"Nepal";NA;NA;106;NA;84;3,47;31,43;30,47;19,82;2014
"81";"Macedonia";NA;NA;105;3;56;9,15;44,17;37,68;32,44;2014
"82";"Azerbaijan";NA;NA;103;NA;34;34,91;63,13;54,46;65,44;2014
"83";"Jamaica";NA;NA;100;NA;117;19,64;73,36;71,51;54,35;2014
"84";"Laos";NA;NA;98;NA;59;NA;NA;NA;NA;2014
"85";"Albania";NA;NA;97;39;83;10,94;48,96;41,37;35,25;2014
"86";"Guatemala";NA;NA;94;NA;123;15,54;52;54,22;33,33;2014
"87";"Cambodia";NA;NA;92;17;52;13,04;53,64;64,26;25,11;2014
"88";"Tunisia";NA;NA;91;NA;73;9,82;41,25;38,36;28,73;2014
"89";"Sri Lanka";NA;NA;88;71;58;9,81;42,82;52,24;24,97;2014
"90";"Bolivia";NA;NA;85;15;116;13,56;40,98;36,85;24,62;2014
"91";"Vietnam";NA;NA;82;NA;89;15,15;44,86;41,09;23,26;2014
"92";"Moldova";NA;NA;75;NA;69;9,96;41,56;35,87;31,08;2014
"93";"Morocco";NA;NA;74;29;78;14,36;47,48;41,71;38,63;2014
"94";"Malta";NA;NA;73;NA;1;17,52;80,18;68,9;79,1;2014
"95";"Dominican Republic";NA;NA;72;NA;112;12,62;57,98;59,04;40,89;2014
"96";"Guyana";NA;NA;71;NA;NA;NA;NA;NA;NA;2014
"97";"Ethiopia";NA;NA;67;NA;39;21,78;55,46;55,43;28,24;2014
"98";"Tanzania";NA;NA;66;NA;95;20,37;50,05;52,28;27,12;2014
"99";"Libya";NA;NA;63;NA;104;20,22;52,33;61,34;42,83;2014
"100";"Algeria";NA;NA;62;NA;85;8,94;39,11;40,11;27,48;2014
"101";"Kyrgyzstan";NA;NA;59;NA;97;NA;NA;NA;NA;2014
"102";"Sudan";NA;NA;58;NA;36;NA;NA;NA;NA;2014
"103";"Costa Rica";NA;NA;54;42;103;18,76;65,64;69,43;55,53;2014
"104";"Zimbabwe";NA;NA;53;NA;102;20,32;69,86;66,92;53,92;2014
"105";"Paraguay";NA;NA;49;NA;91;NA;NA;NA;NA;2014
"106";"Mauritius";NA;NA;46;NA;93;26,73;59,48;52,78;58,02;2014
"107";"Fiji";NA;NA;43;NA;47;NA;NA;NA;NA;2014
"108";"Panama";NA;NA;41;NA;55;31,37;52,18;59,81;40,36;2014
"109";"Belize";NA;NA;37;NA;NA;NA;NA;NA;NA;2014
"110";"Cyprus";NA;NA;34;55;45;20,89;89,76;82,44;94,53;2014
"111";"Luxembourg";NA;NA;32;NA;26;64,11;109,93;97,07;126,51;2014
"112";"Montenegro";NA;NA;31;23;NA;11,64;57,26;49,88;50,12;2014
"113";"Latvia";NA;NA;30;45;64;16,36;65,95;54,34;53,87;2014
"114";"Brunei";NA;NA;25;NA;23;NA;NA;NA;NA;2014
"115";"Iceland";NA;NA;5;NA;24;41,07;111,75;121,07;106,06;2014
"116";"Nigeria";NA;NA;NA;14;119;21,31;73,78;74,97;62,7;2014
"117";"Oman";NA;NA;NA;11;18;30,36;56,04;53,47;40,73;2014
"118";"Iraq";NA;NA;NA;2;71;17,79;51,27;45,84;46,2;2014
"119";"Afghanistan";NA;NA;NA;NA;125;NA;NA;NA;NA;2014
"120";"Haiti";NA;NA;NA;NA;118;NA;NA;NA;NA;2014
"121";"Honduras";NA;NA;NA;NA;115;12,19;51,05;42,94;33,62;2014
"122";"Uzbekistan";NA;NA;NA;NA;109;NA;NA;NA;NA;2014
"123";"Angola";NA;NA;NA;NA;107;NA;NA;NA;NA;2014
"124";"Uganda";NA;NA;NA;NA;106;12,85;58,74;55,21;27,1;2014
"125";"Nicaragua";NA;NA;NA;NA;74;NA;NA;NA;NA;2014
"126";"Botswana";NA;NA;NA;NA;73;NA;NA;NA;NA;2014
"127";"Namibia";NA;NA;NA;NA;67;24,32;59,8;52,7;47,8;2014
"128";"Barbados";NA;NA;NA;NA;65;NA;NA;NA;NA;2014
"129";"Eritrea";NA;NA;NA;NA;48;NA;NA;NA;NA;2014
"130";"Monaco";NA;NA;NA;NA;16;NA;NA;NA;NA;2014
"131";"Bahrain";NA;NA;NA;NA;6;36,1;59,07;57,64;56,24;2014
"132";"Isle Of Man";NA;NA;NA;NA;3;NA;NA;NA;NA;2014
"133";"Bahamas";NA;NA;NA;NA;NA;47,35;103,44;98;96,49;2014
