"";"Country";"Traffic Index";"Quality of Life Index";"Pollution Index";"Health Care Index";"Crime Index";"Rent Index";"Consumer Price Index";"Groceries Index";"Restaurant Price Index";"Year"
"1";"Kenya";36;NA;43;NA;112;17,19;56,99;60,96;33,82;2013
"2";"Bangladesh";35;NA;110;NA;98;7,79;44,83;38,51;26,43;2013
"3";"Egypt";34;51;104;28;74;11,1;44,82;40,33;37,18;2013
"4";"Iran";33;3;106;8;91;24,3;57,04;59,28;42,76;2013
"5";"Indonesia";32;1;95;12;50;17,58;46,14;51;23,71;2013
"6";"India";31;56;83;37;58;7,36;30,92;32,51;18,09;2013
"7";"Turkey";30;57;91;50;41;16,16;64,39;50,04;46,33;2013
"8";"Singapore";29;50;36;26;10;103,04;105,39;91,19;63,28;2013
"9";"Russia";28;30;84;4;83;29,38;69,69;56,88;73,64;2013
"10";"Argentina";27;54;48;66;97;20,12;70,44;64,52;65,43;2013
"11";"Finland";26;26;3;61;31;40,37;106,99;101,29;100,24;2013
"12";"Philippines";25;37;79;56;90;10,91;48,01;51,23;26,89;2013
"13";"Israel";24;67;56;77;72;32,28;92,24;76,92;90,09;2013
"14";"Uruguay";23;58;16;23;65;26,14;81,66;70,53;75,66;2013
"15";"Japan";22;22;18;68;1;43,81;115,24;112,83;70,01;2013
"16";"Colombia";21;41;71;63;88;14,01;58,44;52,83;38,31;2013
"17";"Croatia";20;64;30;14;30;14,9;72,24;64,47;55,98;2013
"18";"Hong Kong";19;66;63;48;3;88,57;77,81;79,82;54,48;2013
"19";"South Africa";18;11;55;33;113;21,39;60,2;52,86;49,76;2013
"20";"United States";17;35;17;43;86;37,39;80,54;80,74;67,87;2013
"21";"Venezuela";16;2;90;7;116;41,48;111,01;126,37;93,65;2013
"22";"Thailand";15;46;75;78;51;21,3;51,78;57,93;25,48;2013
"23";"Slovakia";14;5;20;31;40;24,46;65,72;56,16;44,54;2013
"24";"Malaysia";13;59;69;29;108;15,25;54,82;51,46;27,37;2013
"25";"Mexico";12;63;66;53;92;13,29;53,56;52,48;37,4;2013
"26";"Canada";11;33;10;54;39;39,85;99,65;101,24;85,58;2013
"27";"Netherlands";10;23;11;41;44;45,71;103,9;81,11;107,68;2013
"28";"Ecuador";9;43;53;40;99;12,91;46,61;48,18;26,45;2013
"29";"Australia";8;25;5;58;63;72,72;133,66;128,69;116,39;2013
"30";"United Kingdom";7;18;23;49;48;41,1;102,24;93,06;94,28;2013
"31";"Lebanon";6;8;99;6;71;38,51;75,63;58,06;65,2;2013
"32";"Chile";5;55;77;34;49;21,3;68,38;58,15;56,28;2013
"33";"Greece";4;47;59;15;77;18,64;92,57;74,67;95,52;2013
"34";"Ukraine";3;40;68;11;75;14,74;48,56;41,48;43,47;2013
"35";"Italy";2;62;54;39;76;36,21;101,42;87,31;107,38;2013
"36";"Taiwan";1;9;73;71;2;20,52;67,83;79,96;31,75;2013
"37";"Brazil";70;44;50;24;105;22,79;70;53,97;51,81;2013
"38";"Panama";69;61;35;74;73;28,26;53,38;58,83;36,26;2013
"39";"Poland";68;65;39;25;46;20,2;55,64;46,58;43,08;2013
"40";"Armenia";67;NA;82;NA;52;NA;NA;NA;NA;2013
"41";"Puerto Rico";66;6;45;27;109;25;82,56;83,45;65,03;2013
"42";"Romania";65;48;61;9;24;14,14;51,89;47,31;37,2;2013
"43";"Qatar";64;28;92;44;16;84,11;82,36;75;78,79;2013
"44";"Belgium";63;17;37;73;59;39,18;108,04;90,14;115,6;2013
"45";"Germany";62;36;13;55;12;33,24;91,64;80,74;79,68;2013
"46";"China";61;39;102;32;19;25,82;61,75;66,43;36,53;2013
"47";"Czech Republic";60;10;27;36;35;21,04;63,35;54,69;40,61;2013
"48";"Mongolia";59;14;101;5;69;NA;NA;NA;NA;2013
"49";"United Arab Emirates";58;32;52;30;5;63,29;75,48;64,99;69,9;2013
"50";"Spain";57;16;33;59;35;29,09;83,14;66,55;80,97;2013
"51";"Portugal";56;7;21;35;38;24,34;75,31;61,25;59,09;2013
"52";"Austria";55;27;14;72;26;36,81;97,88;92,75;81,43;2013
"53";"Sweden";54;34;4;67;29;36,11;114,47;105,57;110,14;2013
"54";"Serbia";53;49;41;21;53;11,96;53,59;43,53;42,78;2013
"55";"Lithuania";52;4;9;47;37;16,18;63,33;55,36;41,98;2013
"56";"New Zealand";51;24;6;60;56;46,06;113,63;111,68;93,48;2013
"57";"Denmark";50;31;19;76;27;42,93;119,95;103,97;130,5;2013
"58";"Georgia";49;42;62;45;8;17,09;53,8;45,54;47,48;2013
"59";"Saudi Arabia";48;15;89;2;28;15,73;72,17;74,47;36,51;2013
"60";"Switzerland";47;38;7;51;21;70,9;151,77;153,05;142,36;2013
"61";"Bulgaria";46;45;86;20;54;12,39;52,68;46,89;38,82;2013
"62";"Norway";45;29;8;69;14;68,99;173,85;162,53;183,3;2013
"63";"Pakistan";44;52;97;10;103;6,12;33,41;32,09;25,34;2013
"64";"Slovenia";43;12;12;52;22;26,48;82,06;70,49;63,24;2013
"65";"France";42;20;28;75;79;37,99;103,24;97,75;100,45;2013
"66";"Ireland";41;19;15;13;64;40,37;112,33;105,55;102,99;2013
"67";"Estonia";40;21;2;65;13;16,8;70,75;60,94;53,36;2013
"68";"Hungary";39;60;42;16;33;12,6;63,9;50,87;47,33;2013
"69";"South Korea";38;13;80;70;4;28,66;80,44;94,12;46,5;2013
"70";"Bosnia And Herzegovina";37;53;70;19;60;8,65;53,4;47,43;38,07;2013
"71";"Ghana";NA;NA;1;NA;NA;NA;NA;NA;NA;2013
"72";"Peru";NA;NA;111;17;95;15,47;48,82;42,62;31,18;2013
"73";"Jamaica";NA;NA;109;NA;87;NA;NA;NA;NA;2013
"74";"Nigeria";NA;NA;108;NA;101;17,89;87,18;92,93;62,45;2013
"75";"El Salvador";NA;NA;107;NA;78;NA;NA;NA;NA;2013
"76";"Myanmar";NA;NA;103;NA;NA;NA;NA;NA;NA;2013
"77";"Sri Lanka";NA;NA;100;70;47;14,52;50,58;55;29,73;2013
"78";"Albania";NA;NA;98;7;70;10,84;48,64;40,23;31,83;2013
"79";"Trinidad And Tobago";NA;NA;96;NA;114;30,56;61,6;55,8;48,42;2013
"80";"Bahamas";NA;NA;94;NA;NA;NA;NA;NA;NA;2013
"81";"Nepal";NA;NA;93;NA;45;3,66;38,74;36,73;26,19;2013
"82";"Morocco";NA;NA;88;38;36;16,7;54,04;44,71;42,31;2013
"83";"Kazakhstan";NA;NA;87;NA;84;26,56;65,16;51,34;67,36;2013
"84";"Guyana";NA;NA;85;NA;NA;NA;NA;NA;NA;2013
"85";"Laos";NA;NA;81;NA;62;NA;NA;NA;NA;2013
"86";"Macedonia";NA;NA;78;40;23;10,72;46,48;38,44;33,22;2013
"87";"Bolivia";NA;NA;76;42;68;12,48;41,5;36,42;21,48;2013
"88";"Azerbaijan";NA;NA;74;1;42;41,92;78,25;67,88;64,83;2013
"89";"Malta";NA;NA;72;64;6;20,6;85,61;73,68;77,57;2013
"90";"Cambodia";NA;NA;67;18;32;9,18;55,84;64,35;24,45;2013
"91";"Tunisia";NA;NA;65;NA;66;11,61;50,32;44,39;36,83;2013
"92";"Algeria";NA;NA;64;NA;81;6,06;41,49;43,76;24,84;2013
"93";"Zimbabwe";NA;NA;60;NA;84;NA;NA;NA;NA;2013
"94";"Tanzania";NA;NA;58;NA;NA;13,91;54,88;59,2;24,94;2013
"95";"Ethiopia";NA;NA;57;NA;15;24,26;59,86;62,51;26,1;2013
"96";"Libya";NA;NA;51;NA;NA;NA;NA;NA;NA;2013
"97";"Cyprus";NA;NA;49;46;34;24,99;98,61;89,35;101,17;2013
"98";"Fiji";NA;NA;47;NA;NA;NA;NA;NA;NA;2013
"99";"Jordan";NA;NA;46;57;61;15,63;65,55;56,78;56,37;2013
"100";"Kyrgyzstan";NA;NA;46;NA;100;NA;NA;NA;NA;2013
"101";"Sudan";NA;NA;44;NA;NA;NA;NA;NA;NA;2013
"102";"Paraguay";NA;NA;40;NA;102;NA;NA;NA;NA;2013
"103";"Costa Rica";NA;NA;38;62;107;20,87;66,62;71,79;54,7;2013
"104";"Belize";NA;NA;34;NA;NA;NA;NA;NA;NA;2013
"105";"Vietnam";NA;NA;32;NA;85;20,77;43,21;41,77;23,74;2013
"106";"Montenegro";NA;NA;31;22;17;15,2;63,18;56,02;55,2;2013
"107";"Uganda";NA;NA;29;3;106;NA;NA;NA;NA;2013
"108";"Latvia";NA;NA;26;NA;67;15,26;67,96;55,36;58,45;2013
"109";"Mauritius";NA;NA;25;NA;80;23,36;54,48;43,46;53,48;2013
"110";"Belarus";NA;NA;24;NA;18;13,28;51,32;41,89;58,09;2013
"111";"Brunei";NA;NA;22;NA;25;NA;NA;NA;NA;2013
"112";"Iceland";NA;NA;105;40;11;39,3;112,43;118,81;99,72;2013
"113";"Guatemala";NA;NA;NA;NA;115;NA;NA;NA;NA;2013
"114";"Honduras";NA;NA;NA;NA;111;NA;NA;NA;NA;2013
"115";"Uzbekistan";NA;NA;NA;NA;110;NA;NA;NA;NA;2013
"116";"Syria";NA;NA;NA;NA;104;17,61;47,3;36,7;40,65;2013
"117";"Dominican Republic";NA;NA;NA;NA;96;15,44;66,17;66,12;41,54;2013
"118";"Eritrea";NA;NA;NA;NA;94;NA;NA;NA;NA;2013
"119";"Iraq";NA;NA;NA;NA;93;18,04;57,16;50,89;46,23;2013
"120";"Monaco";NA;NA;NA;NA;89;NA;NA;NA;NA;2013
"121";"Angola";NA;NA;NA;NA;82;NA;NA;NA;NA;2013
"122";"Nicaragua";NA;NA;NA;NA;57;NA;NA;NA;NA;2013
"123";"Moldova";NA;NA;NA;NA;55;12,89;47,24;38,28;37,97;2013
"124";"Namibia";NA;NA;NA;NA;43;NA;NA;NA;NA;2013
"125";"Kuwait";NA;NA;NA;NA;20;34,55;80,74;78,99;78,65;2013
"126";"Bahrain";NA;NA;NA;NA;9;29,58;113,49;162,91;71,01;2013
"127";"Luxembourg";NA;NA;NA;NA;7;67,68;124,76;111,78;130,8;2013
"128";"Oman";NA;NA;NA;NA;NA;27,5;54,56;51,37;39,81;2013
