"";"Consumer Price Index";"Rent Index";"Consumer Price Plus Rent Index";"Groceries Index";"Restaurant Price Index";"Local Purchasing Power Index"
"Norway";161,3;71,58;121,2;169,83;162,61;69,06
"Denmark";138,91;83,47;114,13;116,6;159,09;74,09
"Netherlands";123,64;61,66;95,94;78,44;114,49;68,55
"France";123,49;67,23;98,35;101;132,86;70,52
"Switzerland";121,42;92,37;108,44;132,22;117,7;137,93
"Belgium";120;71,15;98,17;109,41;110,93;88,32
"Ireland";119,76;71,1;98,02;148,01;118,07;99,42
"Italy";115,41;63,7;92,3;94,49;113,34;50,98
"Finland";111,13;50,67;84,11;100,2;108,14;106,55
"United Kingdom";107,4;65,2;88,54;94,4;96,91;87,63
"Austria";107,28;59,6;85,97;96,41;87,46;89,59
"Germany";105,53;38,37;75,51;93,6;85,34;106,83
"Sweden";104,15;32,38;72,08;98,09;89,62;113,44
"Spain";91,28;45,85;70,98;67,37;82,18;52,14
"Portugal";84,67;32,51;61,36;49,12;64,8;48,52
"Croatia";80,66;33,7;59,68;75,38;63,58;45,89
"Greece";77,01;32,37;57,06;76,15;78,66;61,27
"Slovenia";75,99;45,12;62,19;63,69;62,55;54,44
"Czech Republic";72,08;41,58;58,45;62,91;58,42;54,35
"Latvia";68,18;31,83;51,93;37,36;50,86;38,35
"Hungary";64,42;21,12;45,07;53,27;47,98;32,47
"Serbia";62,38;24,26;45,34;49,33;60,55;35,21
"Montenegro";61,13;11,8;39,08;53,83;59,19;29,73
"Albania";60,48;13,2;39,35;51,28;52,31;27,41
"Bulgaria";59,82;24,9;44,21;51,32;48,06;31,49
"Russia";59,02;52,24;55,99;39,59;64,08;36,33
"Poland";52,62;30,67;42,81;42,56;44,95;52,2
"Bosnia And Herzegovina";51,19;7,86;31,83;53,6;38,84;31,29
"Lithuania";50,06;28,7;40,51;57,37;36,29;43,27
"Romania";45,7;27,45;37,55;41,38;41,19;24,32
"Belarus";43,04;27,94;36,29;43,72;44,55;12,82
"Ukraine";31,37;22,99;27,62;23,7;36,16;39,99
