"";"Consumer Price Index";"Rent Index";"Consumer Price Plus Rent Index";"Groceries Index";"Restaurant Price Index";"Local Purchasing Power Index"
"Norway";151,34;55,5;116,85;142,37;150,23;92,62
"Switzerland";141,31;58,51;111,51;130,55;123,11;127,45
"Monaco";128,15;173,08;144,32;89,8;138,14;62,3
"Denmark";116,52;41,31;89,45;94,09;130,69;101,98
"Belgium";108,68;35,02;82,17;86,01;107,48;90,44
"Ireland";107,77;38,12;82,7;97,13;106,06;89,6
"Netherlands";104,5;41,15;81,7;69,58;104,36;95,17
"Iceland";103,6;32,71;78,09;97,74;92,19;78,56
"Sweden";101,86;29,36;75,76;85,33;101,5;100,7
"United Kingdom";100,13;37,85;77,72;83,74;94,07;88,35
"Finland";99,69;36,47;76,94;82,32;96,9;98,14
"France";98,19;35,91;75,77;82,96;94,92;92,68
"Austria";94,84;34,34;73,07;85,06;76,59;98,31
"Italy";94,82;34,3;73,04;75,97;95,38;68,59
"Greece";93,09;18,9;66,39;69,83;91,17;48,31
"Germany";88,55;28,94;67,1;72,15;76,2;114,37
"Malta";83,17;19,49;60,25;70,81;69,07;91,73
"Spain";80,24;27,3;61,19;59,01;74,83;88,01
"Slovenia";74,34;25,73;56,85;64,7;58,04;57,92
"Portugal";70,76;23;53,57;56,17;52,24;56,05
"Latvia";67,76;14,27;48,51;51,28;63,62;35,04
"Croatia";67,54;13,94;48,25;56,05;52,42;50,14
"Estonia";66,91;15,1;48,27;51,28;58,73;47,77
"Russia";64,85;23,81;50,07;49,67;67,55;43,86
"Montenegro";62,24;17,23;46,04;49,11;55,87;38,86
"Lithuania";62,11;14,8;45,08;53,02;41,79;33,6
"Czech Republic";61,44;21,28;46,98;49,01;40,89;61,95
"Hungary";59,65;12,67;42,74;44,64;43,56;36,81
"Slovakia";59,31;23,01;46,25;49,21;40;49,19
"Ukraine";51,1;14,95;38,09;38,39;46,13;25,6
"Bulgaria";50,92;12,32;37,03;42,02;32,96;33,76
"Bosnia And Herzegovina";50,75;8,44;35,53;41,08;39,56;44,37
"Serbia";50,55;11,9;36,64;36,47;40,26;31,33
"Poland";49,74;16,89;37,91;39,45;38,43;59,23
"Romania";47,91;12,15;35,04;39,81;35,28;34,29
"Moldova";47,81;12,35;35,05;38,59;40,27;27,56
"Belarus";45,59;10,62;33,01;33,84;52,82;23,59
"Macedonia";42,8;9,46;30,8;33,64;31,65;35,2
