"";"Consumer Price Index";"Rent Index";"Consumer Price Plus Rent Index";"Groceries Index";"Restaurant Price Index";"Local Purchasing Power Index"
"Norway";139,53;56,86;109,84;142,91;136,6;93,88
"Switzerland";130,98;62,06;106,23;131,46;115,07;137,13
"Denmark";119,67;53,94;96,07;99;140,32;93,26
"Belgium";109,39;37,44;83,55;87,91;117,29;100,1
"Ireland";107,11;52,85;87,63;110,88;100,12;92,23
"Netherlands";105,69;43,33;83,3;63,98;106,42;100,29
"France";101,17;42,7;80,18;83,38;96,59;80,84
"Sweden";100,68;30;75,3;85,98;100,25;99,89
"Finland";98,65;39,83;77,53;89,69;88,15;109,81
"Italy";95,85;38,26;75,17;78,68;95,44;65,98
"Austria";95,23;40,52;75,58;85,12;75,91;99,03
"United Kingdom";93,8;43,72;75,82;87,89;92,82;98,03
"Iceland";93,31;36,72;72,99;111,68;90,03;93,22
"Greece";89,81;21,1;65,14;72,23;80,72;48,82
"Germany";87,19;32,6;67,59;75,29;70,1;118,49
"Malta";78,23;23,96;58,74;68,25;65,95;92,33
"Spain";76,08;33,48;60,78;57,49;68,57;67,67
"Portugal";73,09;30,58;57,82;51,64;51,45;53,62
"Slovenia";72,57;33,04;58,37;62,09;57,78;64,22
"Latvia";70,89;19,88;52,57;49,8;76,53;36,23
"Croatia";68,32;18,11;50,29;65,07;48,19;51,85
"Russia";63,98;39,96;55,36;46,86;65,88;33,79
"Lithuania";61,81;19,65;46,67;56,13;41,18;31,52
"Hungary";61,49;16,52;45,34;52,39;42,96;38,04
"Czech Republic";60,81;30,5;49,93;47,14;37,91;57,26
"Slovakia";60,02;21,98;46,36;53,67;43,28;59,28
"Montenegro";59,51;22,92;46,37;44,84;48,93;27,65
"Estonia";59,23;16,63;43,93;44,32;58,59;68,92
"Bosnia And Herzegovina";55,41;8,18;38,45;49,84;34,92;38,63
"Bulgaria";52,1;14,31;38,53;40,12;36,8;34,96
"Poland";51,21;19,47;39,81;39,7;38,66;62,83
"Serbia";50,99;15,54;38,26;38,67;40,17;31,92
"Belarus";47,89;15,89;36,4;35,85;60,13;25,99
"Romania";47,68;13,65;35,46;40,09;35,22;33,36
"Ukraine";45,14;17,42;35,19;29,85;41,17;29,51
"Macedonia";41,82;10,05;30,41;35,05;28,77;38,35
