"";"Consumer Price Index";"Rent Index";"Consumer Price Plus Rent Index";"Groceries Index";"Restaurant Price Index";"Local Purchasing Power Index"
"Ireland";126,05;85,85;110,11;154,51;131,56;59,8
"Netherlands";123,76;71,86;103,17;90,11;108,51;41,55
"France";120,92;77,74;103,79;115,38;118,28;45,46
"Belgium";117,53;78,77;102,16;110,88;107,56;55,58
"Sweden";112,54;33,33;81,12;98,95;85,25;62,79
"Austria";110,39;65,99;92,78;97,71;84,8;54,37
"Germany";109,85;39,96;82,12;92,6;89,25;74
"Italy";105,76;77,87;94,7;99,07;101,99;41,78
"United Kingdom";100,21;71,82;88,95;93,27;97,18;66,35
"Portugal";88,96;36,41;68,12;51,06;60,34;41,2
"Greece";77,4;36,97;61,36;74,5;78,06;38,26
"Czech Republic";74,18;46,15;63,06;63,76;54,65;33
"Latvia";68,8;43,53;58,77;37,87;49,32;22,19
"Serbia";62,67;29,33;49,44;51,6;60,36;25,12
"Hungary";62,05;28,81;48,87;50,34;43,26;32,03
"Poland";53,51;34,76;46,07;40,69;44,58;26,9
"Bosnia And Herzegovina";49,63;13,06;35,12;58,76;35,99;18,57
"Ukraine";35,74;28,76;32,97;27,19;37,07;30,33
