"";"Consumer Price Index";"Rent Index";"Consumer Price Plus Rent Index";"Groceries Index";"Restaurant Price Index";"Local Purchasing Power Index"
"Switzerland";126,03;57,63;92,61;128,44;127,64;146,51
"Norway";118,59;48,7;84,43;110,06;141,45;96,3
"Iceland";102,14;35,86;69,75;103,76;105,21;70,84
"Denmark";100,6;34,71;68,4;88,59;117,53;105,7
"United Kingdom";92,19;39,19;66,29;84,58;95,97;98,12
"Ireland";92,09;37,47;65,4;85,14;91,58;95,72
"Luxembourg";91,78;62,31;77,38;77,1;110,63;114,7
"Finland";89,68;29,87;60,45;84,3;92,38;101,17
"France";88,37;31,13;60,4;85,3;91,06;92,62
"Belgium";87,22;30,96;59,73;79,54;95,93;86,16
"Netherlands";85,98;35,5;61,31;66,82;102,13;102,02
"Sweden";82,91;27,49;55,83;78,72;89,99;110,95
"Italy";82,72;25,71;54,86;71,43;93,07;79,35
"Austria";76,87;29,2;53,57;73,56;70,43;104,55
"Germany";76,27;27,16;52,27;64,85;72,46;111,84
"Greece";68,88;11,92;41,05;58,2;70,03;51,89
"Malta";68,81;18,33;44,14;58,1;75,93;72,45
"Spain";65,7;21,53;44,11;54,17;71,09;76,71
"Slovenia";65,15;17,27;41,75;55,58;54,03;64,16
"Russia";61,91;28,73;45,7;49,88;71,8;38,86
"Estonia";61,2;16,17;39,2;48,98;51,51;51,44
"Croatia";58,92;11,8;35,9;52,32;46,36;50,47
"Portugal";58,22;18,29;38,71;47,4;51,07;58,22
"Latvia";55,94;13,01;34,96;44,79;47,18;44,39
"Lithuania";52,76;13,59;33,62;44,55;37,53;46,86
"Slovakia";51,6;17,42;34,9;46,94;38,13;56,05
"Belarus";50,2;17,64;34,29;45,38;57,88;35,82
"Hungary";48,9;9,52;29,66;39,3;37,78;46,85
"Czech Republic";48,5;16,61;32,92;43,78;33,04;68,07
"Montenegro";48,09;9,59;29,27;40,34;41,46;40,24
"Poland";45,11;15,13;30,46;36,5;38,77;63,49
"Bulgaria";43,57;9,49;26,91;38,5;33,81;39,88
"Serbia";43,29;8,47;26,28;35;37,2;39,15
"Romania";42,39;10,01;26,57;37,43;35,06;40,62
"Bosnia And Herzegovina";42,3;7,31;25,2;37,52;29,14;44,74
"Albania";41,95;8,55;25,63;34,1;33,21;34,79
"Ukraine";41,29;12,68;27,31;35,53;38,18;27,87
"Kosovo (Disputed Territory)";40,17;14,76;27,75;30,52;29,75;29,19
"Macedonia";37,41;7,02;22,56;31,99;28,48;35,48
"Moldova";34,72;7,69;21,51;29,75;28,38;23,7
