"";"Consumer Price Index";"Rent Index";"Consumer Price Plus Rent Index";"Groceries Index";"Restaurant Price Index";"Local Purchasing Power Index"
"Norway";173,85;68,99;123,52;162,53;183,3;95,91
"Switzerland";151,77;70,9;112,95;153,05;142,36;137,26
"Luxembourg";124,76;67,68;97,36;111,78;130,8;121,39
"Denmark";119,95;42,93;82,98;103,97;130,5;102,15
"Sweden";114,47;36,11;76,86;105,57;110,14;106,57
"Iceland";112,43;39,3;77,33;118,81;99,72;67,91
"Ireland";112,33;40,37;77,79;105,55;102,99;95,06
"Belgium";108,04;39,18;74,99;90,14;115,6;94,09
"Finland";106,99;40,37;75,02;101,29;100,24;94,06
"Netherlands";103,9;45,71;75,97;81,11;107,68;92,88
"France";103,24;37,99;71,92;97,75;100,45;98,11
"United Kingdom";102,24;41,1;72,89;93,06;94,28;89,07
"Italy";101,42;36,21;70,12;87,31;107,38;70,44
"Austria";97,88;36,81;68,57;92,75;81,43;87,47
"Greece";92,57;18,64;57,09;74,67;95,52;49,44
"Germany";91,64;33,24;63,61;80,74;79,68;117,58
"Malta";85,61;20,6;54,4;73,68;77,57;77,82
"Spain";83,14;29,09;57,2;66,55;80,97;84,04
"Slovenia";82,06;26,48;55,38;70,49;63,24;59,25
"Portugal";75,31;24,34;50,84;61,25;59,09;54,12
"Croatia";72,24;14,9;44,72;64,47;55,98;51,58
"Estonia";70,75;16,8;44,86;60,94;53,36;53,09
"Russia";69,69;29,38;50,34;56,88;73,64;42,96
"Latvia";67,96;15,26;42,67;55,36;58,45;41,34
"Slovakia";65,72;24,46;45,92;56,16;44,54;53,78
"Hungary";63,9;12,6;39,28;50,87;47,33;42,97
"Czech Republic";63,35;21,04;43,04;54,69;40,61;60,65
"Lithuania";63,33;16,18;40,7;55,36;41,98;42,24
"Montenegro";63,18;15,2;40,15;56,02;55,2;43,94
"Poland";55,64;20,2;38,63;46,58;43,08;54,72
"Serbia";53,59;11,96;33,61;43,53;42,78;36,58
"Bosnia And Herzegovina";53,4;8,65;31,92;47,43;38,07;46,42
"Bulgaria";52,68;12,39;33,35;46,89;38,82;37,71
"Romania";51,89;14,14;33,77;47,31;37,2;35,81
"Belarus";51,32;13,28;33,06;41,89;58,09;23,45
"Albania";48,64;10,84;30,5;40,23;31,83;35,28
"Ukraine";48,56;14,74;32,33;41,48;43,47;31,97
"Moldova";47,24;12,89;30,75;38,28;37,97;24,52
"Macedonia";46,48;10,72;29,32;38,44;33,22;34,9
