"";"Consumer Price Index";"Rent Index";"Consumer Price Plus Rent Index";"Groceries Index";"Restaurant Price Index";"Local Purchasing Power Index"
"Norway";144,45;58,88;102,88;135,52;165,88;94,4
"Switzerland";143,88;63,84;104,99;148,5;145,59;138,05
"Denmark";114,87;40,05;78,52;102,61;132,27;100,66
"Iceland";111,75;41,07;77,42;121,07;106,06;59,54
"Luxembourg";109,93;64,11;87,67;97,07;126,51;115,31
"Ireland";106,61;39,24;73,88;102,67;100,03;94,64
"Sweden";103,68;33,79;69,72;100,35;103,76;106,11
"Finland";103,28;35,32;70,26;100,4;103,17;97,9
"France";100,21;36,86;69,43;100,19;98,7;92,29
"United Kingdom";100,11;44,19;72,94;94,25;96,94;94,34
"Belgium";100,04;34,89;68,39;93,51;105,82;87,93
"Netherlands";98,82;40,94;70,7;78,03;115,25;97,54
"Italy";96,81;31,55;65,1;85;104,62;75,39
"Austria";89,5;33,23;62,16;88,71;79,25;91,53
"Germany";87,14;30,29;59,52;77,86;77,83;112,28
"Greece";83,79;15,12;50,43;70,51;84,76;44,27
"Malta";80,18;17,52;49,74;68,9;79,1;72,69
"Spain";77,18;26,41;52,51;64,24;79,05;72,48
"Slovenia";75,37;22,47;49,67;65,19;61,44;60,36
"Portugal";69,3;22,38;46,5;57,37;58,18;54,65
"Croatia";69,04;13,93;42,27;62,68;54,75;48,32
"Estonia";67,33;18,07;43,4;58,64;54,83;48,67
"Latvia";65,95;16,36;41,86;54,34;53,87;40,22
"Russia";61,8;29,65;46,18;50,91;68,48;37,3
"Slovakia";61,5;22,01;42,32;55,26;43,16;52,41
"Lithuania";59,96;14,65;37,94;52,84;41,88;43,24
"Hungary";59,27;10,68;35,66;48,1;43,63;44,89
"Montenegro";57,26;11,64;35,1;49,88;50,12;38,75
"Czech Republic";56,59;17,63;37,66;51,01;37,26;62,32
"Poland";53,68;18,93;36,8;45,19;44,19;57,6
"Serbia";51,57;10,91;31,82;42,7;42,67;37,39
"Belarus";50,35;15,95;33,63;46,15;55,79;33,93
"Bulgaria";49,96;11;31,04;45,32;38,02;37,39
"Bosnia And Herzegovina";49,76;8,28;29,61;45,31;33,65;44,52
"Albania";48,96;10,94;30,49;41,37;35,25;33,27
"Romania";48,2;12,23;30,72;43,87;37,19;36,51
"Ukraine";45,64;15,13;30,82;40,81;40,21;31
"Macedonia";44,17;9,15;27,15;37,68;32,44;33,3
"Moldova";41,56;9,96;26,21;35,87;31,08;22,86
